RX "2":  <Buffer 63 6f 6e 6e 5f 61 63 6b 3a 95 17>
RX "2":  <Buffer 63 6f 6e 6e 5f 61 63 6b 3a 95 17>
RX "26" #19:  <Buffer cc 68 00 51 88 1a 00 13 00 5a 00 dd b3>
RX "26" #19:  <Buffer cc 68 00 51 88 1a 00 13 00 5a 00 dd b3>
RX "26" #21:  <Buffer cc 68 00 51 88 1a 00 15 00 5a 00 47 f8>
RX "26" #21:  <Buffer cc 68 00 51 88 1a 00 15 00 5a 00 47 f8>
RX "26" #22:  <Buffer cc 68 00 51 88 1a 00 16 00 5a 00 8a dd>
RX "26" #22:  <Buffer cc 68 00 51 88 1a 00 16 00 5a 00 8a dd>
RX "26" #24:  <Buffer cc 68 00 51 88 1a 00 18 00 5a 00 c8 73>
RX "26" #24:  <Buffer cc 68 00 51 88 1a 00 18 00 5a 00 c8 73>
RX "26" #25:  <Buffer cc 68 00 51 88 1a 00 19 00 5a 00 73 6f>
RX "26" #25:  <Buffer cc 68 00 51 88 1a 00 19 00 5a 00 73 6f>
RX "26" #27:  <Buffer cc 68 00 51 88 1a 00 1b 00 5a 00 05 56>
RX "26" #27:  <Buffer cc 68 00 51 88 1a 00 1b 00 5a 00 05 56>
RX "4176" #321:  <Buffer cc 70 08 09 88 50 10 41 01 ea 3d 00 27 00 00 00 03 00 00 00 2a 00 00 00 00 00 00 00 42 55 49 4c 44 20 4a 75 6c 20 32 33 20 32 30 31 38 20 32 33 3a 30 ... >
RX "4176" #321:  <Buffer cc 70 08 09 88 50 10 41 01 ea 3d 00 27 00 00 00 03 00 00 00 2a 00 00 00 00 00 00 00 42 55 49 4c 44 20 4a 75 6c 20 32 33 20 32 30 31 38 20 32 33 3a 30 ... >
RX "4176" #342:  <Buffer cc 70 08 09 88 50 10 56 01 ea 3d 00 27 00 00 00 03 00 00 00 2a 00 00 00 00 00 00 00 42 55 49 4c 44 20 4a 75 6c 20 32 33 20 32 30 31 38 20 32 33 3a 30 ... >
RX "4176" #342:  <Buffer cc 70 08 09 88 50 10 56 01 ea 3d 00 27 00 00 00 03 00 00 00 2a 00 00 00 00 00 00 00 42 55 49 4c 44 20 4a 75 6c 20 32 33 20 32 30 31 38 20 32 33 3a 30 ... >
RX "53" #20:  <Buffer cc 60 00 27 88 35 00 14 00 01 a3 3a>
RX "53" #20:  <Buffer cc 60 00 27 88 35 00 14 00 01 a3 3a>
RX "53" #23:  <Buffer cc 60 00 27 88 35 00 17 00 01 c7 d5>
RX "53" #23:  <Buffer cc 60 00 27 88 35 00 17 00 01 c7 d5>
RX "53" #26:  <Buffer cc 60 00 27 88 35 00 1a 00 01 b8 2a>
RX "53" #26:  <Buffer cc 60 00 27 88 35 00 1a 00 01 b8 2a>
RX "86" #306:  <Buffer cc 18 01 b9 88 56 00 32 01 00 00 00 00 00 00 00 00 00 00 00 00 52 00 00 07 10 00 01 00 00 00 00 00 e8 13>
RX "86" #306:  <Buffer cc 18 01 b9 88 56 00 32 01 00 00 00 00 00 00 00 00 00 00 00 00 52 00 00 07 10 00 01 00 00 00 00 00 e8 13>
RX "86" #307:  <Buffer cc 18 01 b9 88 56 00 33 01 00 00 00 00 00 00 00 00 00 00 00 00 52 00 00 07 10 00 01 00 00 00 00 00 b8 de>
RX "86" #307:  <Buffer cc 18 01 b9 88 56 00 33 01 00 00 00 00 00 00 00 00 00 00 00 00 52 00 00 07 10 00 01 00 00 00 00 00 b8 de>
RX "86" #308:  <Buffer cc 18 01 b9 88 56 00 34 01 00 00 00 00 00 00 00 00 00 00 00 00 52 00 00 07 10 00 01 00 00 00 00 00 2a ac>
RX "86" #308:  <Buffer cc 18 01 b9 88 56 00 34 01 00 00 00 00 00 00 00 00 00 00 00 00 52 00 00 07 10 00 01 00 00 00 00 00 2a ac>
RX "86" #309:  <Buffer cc 18 01 b9 88 56 00 35 01 00 00 00 00 00 00 00 00 00 00 00 00 52 00 00 07 10 00 01 00 00 00 00 00 7a 61>
RX "86" #309:  <Buffer cc 18 01 b9 88 56 00 35 01 00 00 00 00 00 00 00 00 00 00 00 00 52 00 00 07 10 00 01 00 00 00 00 00 7a 61>
RX "86" #310:  <Buffer cc 18 01 b9 88 56 00 36 01 00 00 00 00 00 00 00 00 00 00 00 00 52 00 00 07 10 00 01 00 00 00 00 00 9b 3e>
RX "86" #310:  <Buffer cc 18 01 b9 88 56 00 36 01 00 00 00 00 00 00 00 00 00 00 00 00 52 00 00 07 10 00 01 00 00 00 00 00 9b 3e>
RX "86" #311:  <Buffer cc 18 01 b9 88 56 00 37 01 00 00 00 00 00 00 00 00 00 00 00 00 52 00 00 07 10 00 01 00 00 00 00 00 cb f3>
RX "86" #311:  <Buffer cc 18 01 b9 88 56 00 37 01 00 00 00 00 00 00 00 00 00 00 00 00 52 00 00 07 10 00 01 00 00 00 00 00 cb f3>
RX "86" #312:  <Buffer cc 18 01 b9 88 56 00 38 01 00 00 00 00 00 00 00 00 00 00 00 00 52 00 00 07 10 00 01 00 00 00 00 00 bf db>
RX "86" #312:  <Buffer cc 18 01 b9 88 56 00 38 01 00 00 00 00 00 00 00 00 00 00 00 00 52 00 00 07 10 00 01 00 00 00 00 00 bf db>
RX "86" #313:  <Buffer cc 18 01 b9 88 56 00 39 01 00 00 00 00 00 00 00 00 00 00 00 00 52 00 00 07 10 00 01 00 00 00 00 00 ef 16>
RX "86" #313:  <Buffer cc 18 01 b9 88 56 00 39 01 00 00 00 00 00 00 00 00 00 00 00 00 52 00 00 07 10 00 01 00 00 00 00 00 ef 16>
RX "86" #314:  <Buffer cc 18 01 b9 88 56 00 3a 01 00 00 00 00 00 00 00 00 00 00 00 00 52 00 00 07 10 00 01 00 00 00 00 00 0e 49>
RX "86" #314:  <Buffer cc 18 01 b9 88 56 00 3a 01 00 00 00 00 00 00 00 00 00 00 00 00 52 00 00 07 10 00 01 00 00 00 00 00 0e 49>
RX "86" #315:  <Buffer cc 18 01 b9 88 56 00 3b 01 00 00 00 00 00 00 00 00 00 00 00 00 52 00 00 07 10 00 01 00 00 00 00 00 5e 84>
RX "86" #315:  <Buffer cc 18 01 b9 88 56 00 3b 01 00 00 00 00 00 00 00 00 00 00 00 00 52 00 00 07 10 00 01 00 00 00 00 00 5e 84>
RX "86" #316:  <Buffer cc 18 01 b9 88 56 00 3c 01 00 00 00 00 00 00 00 00 00 00 00 00 52 00 00 07 10 00 01 00 00 00 00 00 cc f6>
RX "86" #316:  <Buffer cc 18 01 b9 88 56 00 3c 01 00 00 00 00 00 00 00 00 00 00 00 00 52 00 00 07 10 00 01 00 00 00 00 00 cc f6>
RX "86" #317:  <Buffer cc 18 01 b9 88 56 00 3d 01 00 00 00 00 00 00 00 00 00 00 00 00 52 00 00 07 10 00 01 00 00 00 00 00 9c 3b>
RX "86" #317:  <Buffer cc 18 01 b9 88 56 00 3d 01 00 00 00 00 00 00 00 00 00 00 00 00 52 00 00 07 10 00 01 00 00 00 00 00 9c 3b>
RX "86" #318:  <Buffer cc 18 01 b9 88 56 00 3e 01 00 00 00 00 00 00 00 00 00 00 00 00 52 00 00 07 10 00 01 00 00 00 00 00 7d 64>
RX "86" #318:  <Buffer cc 18 01 b9 88 56 00 3e 01 00 00 00 00 00 00 00 00 00 00 00 00 52 00 00 07 10 00 01 00 00 00 00 00 7d 64>
RX "86" #319:  <Buffer cc 18 01 b9 88 56 00 3f 01 00 00 00 00 00 00 00 00 00 00 00 00 52 00 00 07 10 00 01 00 00 00 00 00 2d a9>
RX "86" #319:  <Buffer cc 18 01 b9 88 56 00 3f 01 00 00 00 00 00 00 00 00 00 00 00 00 52 00 00 07 10 00 01 00 00 00 00 00 2d a9>
RX "86" #320:  <Buffer cc 18 01 b9 88 56 00 40 01 00 00 00 00 00 00 00 00 00 00 00 00 52 00 00 07 10 00 01 00 00 00 00 00 0e 90>
RX "86" #320:  <Buffer cc 18 01 b9 88 56 00 40 01 00 00 00 00 00 00 00 00 00 00 00 00 52 00 00 07 10 00 01 00 00 00 00 00 0e 90>
RX "86" #322:  <Buffer cc 18 01 b9 88 56 00 42 01 00 00 00 00 00 00 00 00 00 00 00 00 52 00 00 07 10 00 01 00 00 00 00 00 bf 02>
RX "86" #322:  <Buffer cc 18 01 b9 88 56 00 42 01 00 00 00 00 00 00 00 00 00 00 00 00 52 00 00 07 10 00 01 00 00 00 00 00 bf 02>
RX "86" #323:  <Buffer cc 18 01 b9 88 56 00 43 01 00 00 00 00 00 00 00 00 00 00 00 00 52 00 00 07 10 00 01 00 00 00 00 00 ef cf>
RX "86" #323:  <Buffer cc 18 01 b9 88 56 00 43 01 00 00 00 00 00 00 00 00 00 00 00 00 52 00 00 07 10 00 01 00 00 00 00 00 ef cf>
RX "86" #324:  <Buffer cc 18 01 b9 88 56 00 44 01 00 00 00 00 00 00 00 00 00 00 00 00 52 00 00 07 10 00 01 00 00 00 00 00 7d bd>
RX "86" #324:  <Buffer cc 18 01 b9 88 56 00 44 01 00 00 00 00 00 00 00 00 00 00 00 00 52 00 00 07 10 00 01 00 00 00 00 00 7d bd>
RX "86" #325:  <Buffer cc 18 01 b9 88 56 00 45 01 00 00 00 00 00 00 00 00 00 00 00 00 52 00 00 07 10 00 01 00 00 00 00 00 2d 70>
RX "86" #325:  <Buffer cc 18 01 b9 88 56 00 45 01 00 00 00 00 00 00 00 00 00 00 00 00 52 00 00 07 10 00 01 00 00 00 00 00 2d 70>
RX "86" #326:  <Buffer cc 18 01 b9 88 56 00 46 01 00 00 00 00 00 00 00 00 00 00 00 00 52 00 00 07 10 00 01 00 00 00 00 00 cc 2f>
RX "86" #326:  <Buffer cc 18 01 b9 88 56 00 46 01 00 00 00 00 00 00 00 00 00 00 00 00 52 00 00 07 10 00 01 00 00 00 00 00 cc 2f>
RX "86" #327:  <Buffer cc 18 01 b9 88 56 00 47 01 00 00 00 00 00 00 00 00 00 00 00 00 52 00 00 07 10 00 01 00 00 00 00 00 9c e2>
RX "86" #327:  <Buffer cc 18 01 b9 88 56 00 47 01 00 00 00 00 00 00 00 00 00 00 00 00 52 00 00 07 10 00 01 00 00 00 00 00 9c e2>
RX "86" #328:  <Buffer cc 18 01 b9 88 56 00 48 01 00 00 00 00 00 00 00 00 00 00 00 00 52 00 00 07 10 00 01 00 00 00 00 00 e8 ca>
RX "86" #328:  <Buffer cc 18 01 b9 88 56 00 48 01 00 00 00 00 00 00 00 00 00 00 00 00 52 00 00 07 10 00 01 00 00 00 00 00 e8 ca>
RX "86" #329:  <Buffer cc 18 01 b9 88 56 00 49 01 00 00 00 00 00 00 00 00 00 00 00 00 52 00 00 07 10 00 01 00 00 00 00 00 b8 07>
RX "86" #329:  <Buffer cc 18 01 b9 88 56 00 49 01 00 00 00 00 00 00 00 00 00 00 00 00 52 00 00 07 10 00 01 00 00 00 00 00 b8 07>
RX "86" #330:  <Buffer cc 18 01 b9 88 56 00 4a 01 00 00 00 00 00 00 00 00 00 00 00 00 52 00 00 07 10 00 01 00 00 00 00 00 59 58>
RX "86" #330:  <Buffer cc 18 01 b9 88 56 00 4a 01 00 00 00 00 00 00 00 00 00 00 00 00 52 00 00 07 10 00 01 00 00 00 00 00 59 58>
RX "86" #331:  <Buffer cc 18 01 b9 88 56 00 4b 01 00 00 00 00 00 00 00 00 00 00 00 00 52 00 00 07 10 00 01 00 00 00 00 00 09 95>
RX "86" #331:  <Buffer cc 18 01 b9 88 56 00 4b 01 00 00 00 00 00 00 00 00 00 00 00 00 52 00 00 07 10 00 01 00 00 00 00 00 09 95>
RX "86" #332:  <Buffer cc 18 01 b9 88 56 00 4c 01 00 00 00 00 00 00 00 00 00 00 00 00 52 00 00 07 10 00 01 00 00 00 00 00 9b e7>
RX "86" #332:  <Buffer cc 18 01 b9 88 56 00 4c 01 00 00 00 00 00 00 00 00 00 00 00 00 52 00 00 07 10 00 01 00 00 00 00 00 9b e7>
RX "86" #333:  <Buffer cc 18 01 b9 88 56 00 4d 01 00 00 00 00 00 00 00 00 00 00 00 00 52 00 00 07 10 00 01 00 00 00 00 00 cb 2a>
RX "86" #333:  <Buffer cc 18 01 b9 88 56 00 4d 01 00 00 00 00 00 00 00 00 00 00 00 00 52 00 00 07 10 00 01 00 00 00 00 00 cb 2a>
RX "86" #334:  <Buffer cc 18 01 b9 88 56 00 4e 01 00 00 00 00 00 00 00 00 00 00 00 00 52 00 00 07 10 00 01 00 00 00 00 00 2a 75>
RX "86" #334:  <Buffer cc 18 01 b9 88 56 00 4e 01 00 00 00 00 00 00 00 00 00 00 00 00 52 00 00 07 10 00 01 00 00 00 00 00 2a 75>
RX "86" #335:  <Buffer cc 18 01 b9 88 56 00 4f 01 00 00 00 00 00 00 00 00 00 00 00 00 52 00 00 07 10 00 01 00 00 00 00 00 7a b8>
RX "86" #335:  <Buffer cc 18 01 b9 88 56 00 4f 01 00 00 00 00 00 00 00 00 00 00 00 00 52 00 00 07 10 00 01 00 00 00 00 00 7a b8>
RX "86" #336:  <Buffer cc 18 01 b9 88 56 00 50 01 00 00 00 00 00 00 00 00 00 00 00 00 52 00 00 07 10 00 01 00 00 00 00 00 c2 25>
RX "86" #336:  <Buffer cc 18 01 b9 88 56 00 50 01 00 00 00 00 00 00 00 00 00 00 00 00 52 00 00 07 10 00 01 00 00 00 00 00 c2 25>
RX "86" #337:  <Buffer cc 18 01 b9 88 56 00 51 01 00 00 00 00 00 00 00 00 00 00 00 00 52 00 00 05 10 00 01 00 00 00 00 00 68 73>
RX "86" #337:  <Buffer cc 18 01 b9 88 56 00 51 01 00 00 00 00 00 00 00 00 00 00 00 00 52 00 00 05 10 00 01 00 00 00 00 00 68 73>
RX "86" #338:  <Buffer cc 18 01 b9 88 56 00 52 01 00 00 00 00 00 00 00 00 00 00 00 00 52 00 00 05 10 00 01 00 00 00 00 00 89 2c>
RX "86" #338:  <Buffer cc 18 01 b9 88 56 00 52 01 00 00 00 00 00 00 00 00 00 00 00 00 52 00 00 05 10 00 01 00 00 00 00 00 89 2c>
RX "86" #339:  <Buffer cc 18 01 b9 88 56 00 53 01 00 00 00 00 00 00 00 00 00 00 00 00 52 00 00 05 10 00 01 00 00 00 00 00 d9 e1>
RX "86" #339:  <Buffer cc 18 01 b9 88 56 00 53 01 00 00 00 00 00 00 00 00 00 00 00 00 52 00 00 05 10 00 01 00 00 00 00 00 d9 e1>
RX "86" #340:  <Buffer cc 18 01 b9 88 56 00 54 01 00 00 00 00 00 00 00 00 00 00 00 00 52 00 00 05 10 00 01 00 00 00 00 00 4b 93>
RX "86" #340:  <Buffer cc 18 01 b9 88 56 00 54 01 00 00 00 00 00 00 00 00 00 00 00 00 52 00 00 05 10 00 01 00 00 00 00 00 4b 93>
RX "86" #341:  <Buffer cc 18 01 b9 88 56 00 55 01 00 00 00 00 00 00 00 00 00 00 00 00 52 00 00 05 10 00 01 00 00 00 00 00 1b 5e>
RX "86" #341:  <Buffer cc 18 01 b9 88 56 00 55 01 00 00 00 00 00 00 00 00 00 00 00 00 52 00 00 05 10 00 01 00 00 00 00 00 1b 5e>
RX "86" #343:  <Buffer cc 18 01 b9 88 56 00 57 01 00 00 00 00 00 00 00 00 00 00 00 00 52 00 00 05 10 00 01 00 00 00 00 00 aa cc>
RX "86" #343:  <Buffer cc 18 01 b9 88 56 00 57 01 00 00 00 00 00 00 00 00 00 00 00 00 52 00 00 05 10 00 01 00 00 00 00 00 aa cc>
RX "86" #344:  <Buffer cc 18 01 b9 88 56 00 58 01 00 00 00 00 00 00 00 00 00 00 00 00 52 00 00 05 10 00 01 00 00 00 00 00 de e4>
RX "86" #344:  <Buffer cc 18 01 b9 88 56 00 58 01 00 00 00 00 00 00 00 00 00 00 00 00 52 00 00 05 10 00 01 00 00 00 00 00 de e4>
RX "86" #345:  <Buffer cc 18 01 b9 88 56 00 59 01 00 00 00 00 00 00 00 00 00 00 00 00 52 00 00 05 10 00 01 00 00 00 00 00 8e 29>
RX "86" #345:  <Buffer cc 18 01 b9 88 56 00 59 01 00 00 00 00 00 00 00 00 00 00 00 00 52 00 00 05 10 00 01 00 00 00 00 00 8e 29>
RX "86" #346:  <Buffer cc 18 01 b9 88 56 00 5a 01 00 00 00 00 00 00 00 00 00 00 00 00 52 00 00 05 10 00 01 00 00 00 00 00 6f 76>
RX "86" #346:  <Buffer cc 18 01 b9 88 56 00 5a 01 00 00 00 00 00 00 00 00 00 00 00 00 52 00 00 05 10 00 01 00 00 00 00 00 6f 76>
RX "86" #347:  <Buffer cc 18 01 b9 88 56 00 5b 01 00 00 00 00 00 00 00 00 00 00 00 00 52 00 00 05 10 00 01 00 00 00 00 00 3f bb>
RX "86" #347:  <Buffer cc 18 01 b9 88 56 00 5b 01 00 00 00 00 00 00 00 00 00 00 00 00 52 00 00 05 10 00 01 00 00 00 00 00 3f bb>
RX "86" #348:  <Buffer cc 18 01 b9 88 56 00 5c 01 00 00 00 00 00 00 00 00 00 00 00 00 52 00 00 02 10 00 01 00 00 00 00 00 4f 20>
RX "86" #348:  <Buffer cc 18 01 b9 88 56 00 5c 01 00 00 00 00 00 00 00 00 00 00 00 00 52 00 00 02 10 00 01 00 00 00 00 00 4f 20>
RX "86" #349:  <Buffer cc 18 01 b9 88 56 00 5d 01 00 00 00 00 00 00 00 00 00 00 00 00 52 00 00 02 10 00 01 00 00 00 00 00 1f ed>
RX "86" #349:  <Buffer cc 18 01 b9 88 56 00 5d 01 00 00 00 00 00 00 00 00 00 00 00 00 52 00 00 02 10 00 01 00 00 00 00 00 1f ed>
RX "86" #350:  <Buffer cc 18 01 b9 88 56 00 5e 01 00 00 00 00 00 00 00 00 00 00 00 00 52 00 00 02 10 00 01 00 00 00 00 00 fe b2>
RX "86" #350:  <Buffer cc 18 01 b9 88 56 00 5e 01 00 00 00 00 00 00 00 00 00 00 00 00 52 00 00 02 10 00 01 00 00 00 00 00 fe b2>
RX "86" #351:  <Buffer cc 18 01 b9 88 56 00 5f 01 00 00 00 00 00 00 00 00 00 00 00 00 52 00 00 02 10 00 01 00 00 00 00 00 ae 7f>
RX "86" #351:  <Buffer cc 18 01 b9 88 56 00 5f 01 00 00 00 00 00 00 00 00 00 00 00 00 52 00 00 02 10 00 01 00 00 00 00 00 ae 7f>
RX "86" #352:  <Buffer cc 18 01 b9 88 56 00 60 01 00 00 00 00 00 00 00 00 00 00 00 00 52 00 00 02 10 00 01 00 00 00 00 00 9f 81>
RX "86" #352:  <Buffer cc 18 01 b9 88 56 00 60 01 00 00 00 00 00 00 00 00 00 00 00 00 52 00 00 02 10 00 01 00 00 00 00 00 9f 81>
RX "86" #353:  <Buffer cc 18 01 b9 88 56 00 61 01 00 00 00 00 00 00 00 00 00 00 00 00 52 00 00 02 10 00 01 00 00 00 00 00 cf 4c>
RX "86" #353:  <Buffer cc 18 01 b9 88 56 00 61 01 00 00 00 00 00 00 00 00 00 00 00 00 52 00 00 02 10 00 01 00 00 00 00 00 cf 4c>
RX "86" #354:  <Buffer cc 18 01 b9 88 56 00 62 01 00 00 00 00 00 00 00 00 00 00 00 00 52 00 00 02 10 00 01 00 00 00 00 00 2e 13>
RX "86" #354:  <Buffer cc 18 01 b9 88 56 00 62 01 00 00 00 00 00 00 00 00 00 00 00 00 52 00 00 02 10 00 01 00 00 00 00 00 2e 13>
RX "86" #355:  <Buffer cc 18 01 b9 88 56 00 63 01 00 00 00 00 00 00 00 00 00 00 00 00 52 00 00 02 10 00 01 00 00 00 00 00 7e de>
RX "86" #355:  <Buffer cc 18 01 b9 88 56 00 63 01 00 00 00 00 00 00 00 00 00 00 00 00 52 00 00 02 10 00 01 00 00 00 00 00 7e de>
RX "86" #356:  <Buffer cc 18 01 b9 88 56 00 64 01 00 00 00 00 00 00 00 00 00 00 00 00 52 00 00 02 10 00 01 00 00 00 00 00 ec ac>
RX "86" #356:  <Buffer cc 18 01 b9 88 56 00 64 01 00 00 00 00 00 00 00 00 00 00 00 00 52 00 00 02 10 00 01 00 00 00 00 00 ec ac>
RX "86" #357:  <Buffer cc 18 01 b9 88 56 00 65 01 00 00 00 00 00 00 00 00 00 00 00 00 52 00 00 02 10 00 01 00 00 00 00 00 bc 61>
RX "86" #357:  <Buffer cc 18 01 b9 88 56 00 65 01 00 00 00 00 00 00 00 00 00 00 00 00 52 00 00 02 10 00 01 00 00 00 00 00 bc 61>
RX "86" #358:  <Buffer cc 18 01 b9 88 56 00 66 01 00 00 00 00 00 00 00 00 00 00 00 00 52 00 00 06 10 00 01 00 00 00 00 00 b8 01>
RX "86" #358:  <Buffer cc 18 01 b9 88 56 00 66 01 00 00 00 00 00 00 00 00 00 00 00 00 52 00 00 06 10 00 01 00 00 00 00 00 b8 01>
RX "86" #359:  <Buffer cc 18 01 b9 88 56 00 67 01 00 00 00 00 00 00 00 00 00 00 00 00 52 00 00 06 10 00 01 00 00 00 00 00 e8 cc>
RX "86" #359:  <Buffer cc 18 01 b9 88 56 00 67 01 00 00 00 00 00 00 00 00 00 00 00 00 52 00 00 06 10 00 01 00 00 00 00 00 e8 cc>
RX "86" #360:  <Buffer cc 18 01 b9 88 56 00 68 01 00 00 00 00 00 00 00 00 00 00 00 00 52 00 00 06 10 00 01 00 00 00 00 00 9c e4>
RX "86" #360:  <Buffer cc 18 01 b9 88 56 00 68 01 00 00 00 00 00 00 00 00 00 00 00 00 52 00 00 06 10 00 01 00 00 00 00 00 9c e4>
RX "86" #361:  <Buffer cc 18 01 b9 88 56 00 69 01 00 00 00 00 00 00 00 00 00 00 00 00 52 00 00 06 10 00 01 00 00 00 00 00 cc 29>
RX "86" #361:  <Buffer cc 18 01 b9 88 56 00 69 01 00 00 00 00 00 00 00 00 00 00 00 00 52 00 00 06 10 00 01 00 00 00 00 00 cc 29>
RX "86" #362:  <Buffer cc 18 01 b9 88 56 00 6a 01 00 00 00 00 00 00 00 00 00 00 00 00 52 00 00 06 10 00 01 00 00 00 00 00 2d 76>
RX "86" #362:  <Buffer cc 18 01 b9 88 56 00 6a 01 00 00 00 00 00 00 00 00 00 00 00 00 52 00 00 06 10 00 01 00 00 00 00 00 2d 76>
TX "21" #7:  <Buffer cc 58 00 d3 48 15 00 07 00 f4 0e>
TX "32" #10:  <Buffer cc 60 00 82 68 20 00 0a 00 00 66 24>
TX "37" #0:  <Buffer cc 58 00 d3 60 25 00 00 00 99 38>
TX "37" #0:  <Buffer cc 58 00 d3 60 25 00 00 00 99 38>
TX "37" #0:  <Buffer cc 58 00 d3 60 25 00 00 00 99 38>
TX "37" #0:  <Buffer cc 58 00 d3 60 25 00 00 00 99 38>
TX "37" #0:  <Buffer cc 58 00 d3 60 25 00 00 00 99 38>
TX "40" #3:  <Buffer cc 58 00 d3 48 28 00 03 00 fb 62>
TX "4176" #13:  <Buffer cc 58 00 d3 50 50 10 0d 00 c6 65>
TX "4176" #16:  <Buffer cc 58 00 d3 50 50 10 10 00 cf 35>
TX "4182" #4:  <Buffer cc 58 00 d3 48 56 10 04 00 e0 bf>
TX "4183" #5:  <Buffer cc 58 00 d3 48 57 10 05 00 e0 d3>
TX "4185" #6:  <Buffer cc 58 00 d3 48 59 10 06 00 e2 cb>
TX "49" #11:  <Buffer cc 60 00 82 68 31 00 0b 00 01 0a 27>
TX "52" #8:  <Buffer cc 60 00 82 48 34 00 08 00 00 f0 87>
TX "55" #9:  <Buffer cc 58 00 d3 68 37 00 09 00 7b d1>
TX "69" #2:  <Buffer cc 58 00 d3 48 45 00 02 00 e6 5e>
TX "70" #12:  <Buffer cc d0 00 cd 50 46 00 0c 00 00 76 00 08 00 03 00 14 00 19 00 15 00 40 fb d8 89>
TX "70" #14:  <Buffer cc d0 00 cd 50 46 00 0e 00 00 76 00 08 00 03 00 14 00 19 00 16 00 40 fb 79 ad>
TX "70" #15:  <Buffer cc d0 00 cd 50 46 00 0f 00 00 76 00 08 00 03 00 14 00 19 00 17 00 40 fb 29 c1>
TX "70" #17:  <Buffer cc d0 00 cd 50 46 00 11 00 00 76 00 08 00 03 00 14 00 19 00 18 00 28 ff 6d 70>
TX "70" #18:  <Buffer cc d0 00 cd 50 46 00 12 00 00 76 00 08 00 03 00 14 00 19 00 19 00 28 ff 9c 7c>
TX "80" #0:  <Buffer cc b0 00 38 60 50 00 00 00 00 0c 20 00 00 0c 14 19 14 08 04 a4 b5>
TX "80" #0:  <Buffer cc b0 00 38 60 50 00 00 00 00 0c 20 00 00 0c 14 19 14 28 52 3d 4b>
TX "80" #0:  <Buffer cc b0 00 38 60 50 00 00 00 00 0c 20 00 00 0c 14 19 14 30 a4 b7 0d>
TX "80" #0:  <Buffer cc b0 00 38 60 50 00 00 00 00 0c 20 00 00 0c 14 19 14 38 91 70 da>
TX "80" #0:  <Buffer cc b0 00 38 60 50 00 00 00 00 0c 20 00 00 0c 14 19 14 40 f5 53 31>
